20.51282051282051
20.51282051282051
20.51282051282051
26.780626780626786
35.612535612535616
43.01994301994301
45.58404558404558
53.27635327635327
54.415954415954424
57.26495726495727
58.11965811965812
59.82905982905983
63.817663817663814
67.52136752136752
69.80056980056979
72.64957264957265
71.7948717948718
73.78917378917377
74.07407407407406
74.64387464387463
74.35897435897435
76.06837606837607
76.35327635327634
77.2079772079772
78.06267806267805
78.34757834757833
78.91737891737891
79.4871794871795
80.05698005698007
80.05698005698007
80.05698005698008
79.7720797720798
80.34188034188037
80.34188034188035
80.62678062678063
80.91168091168092
81.1965811965812
81.76638176638178
81.76638176638178
81.76638176638177
82.05128205128206
81.76638176638177
81.4814814814815
81.1965811965812
81.1965811965812
81.76638176638177
81.76638176638177
81.76638176638177
81.4814814814815
81.76638176638177
81.76638176638177
82.33618233618235
82.90598290598291
82.90598290598291
83.1908831908832
83.1908831908832
82.90598290598291
82.62108262108262
82.90598290598291
82.33618233618235
82.33618233618235
82.62108262108262
81.4814814814815
82.33618233618235
82.05128205128206
82.62108262108262
83.1908831908832
83.19088319088321
83.7606837606838
84.04558404558408
84.04558404558408
84.04558404558408
84.33048433048437
84.33048433048437
83.7606837606838
83.47578347578352
84.04558404558408
84.04558404558408
84.04558404558408
85.75498575498578
86.32478632478636
86.60968660968663
86.32478632478636
87.17948717948721
87.4643874643875
88.03418803418806
87.74928774928777
88.31908831908835
88.31908831908832
88.60398860398861
88.60398860398861
89.1737891737892
89.45868945868948
89.45868945868948
89.74358974358977
89.74358974358977
89.74358974358977
90.02849002849005
90.02849002849005
90.02849002849005
9.97150997150997
9.97150997150997
16.80911680911681
29.914529914529915
34.472934472934476
36.467236467236475
37.32193732193733
38.46153846153846
39.03133903133903
43.30484330484331
47.86324786324788
52.991452991452995
56.98005698005698
59.25925925925927
61.253561253561244
63.24786324786324
64.38746438746438
67.23646723646723
68.09116809116809
70.94017094017093
71.7948717948718
72.36467236467236
73.5042735042735
74.92877492877493
76.35327635327636
76.35327635327636
76.92307692307692
77.49287749287751
77.20797720797722
77.20797720797722
78.06267806267807
78.91737891737893
79.20227920227921
79.77207977207978
79.4871794871795
79.77207977207978
80.34188034188035
80.05698005698007
80.34188034188035
80.62678062678063
80.34188034188035
80.62678062678063
80.62678062678063
80.62678062678063
81.1965811965812
81.1965811965812
81.48148148148151
81.48148148148151
81.76638176638178
82.05128205128207
82.05128205128207
82.05128205128207
82.05128205128207
82.33618233618236
82.62108262108265
82.90598290598292
83.19088319088321
83.4757834757835
83.7606837606838
83.7606837606838
84.61538461538466
84.61538461538466
84.61538461538466
84.61538461538466
84.90028490028493
85.18518518518522
85.47008547008551
85.47008547008551
85.75498575498578
86.03988603988607
86.03988603988607
86.03988603988607
87.17948717948721
87.4643874643875
88.60398860398863
88.60398860398863
88.60398860398863
88.60398860398863
88.60398860398863
88.60398860398863
88.60398860398863
88.60398860398863
89.1737891737892
88.88888888888891
89.1737891737892
89.45868945868948
89.74358974358977
89.74358974358977
89.74358974358977
89.74358974358977
90.31339031339033
90.31339031339033
90.8831908831909
90.59829059829062
90.8831908831909
90.8831908831909
90.8831908831909
91.1680911680912
91.45299145299147
91.1680911680912
20.51282051282051
20.51282051282051
20.51282051282051
20.51282051282051
33.33333333333333
41.31054131054131
43.3048433048433
44.159544159544154
47.008547008547005
50.71225071225071
53.276353276353284
55.270655270655276
57.26495726495727
57.54985754985755
58.4045584045584
60.11396011396011
62.393162393162385
64.10256410256409
68.37606837606837
70.65527065527066
72.64957264957265
74.64387464387465
74.92877492877493
75.21367521367522
75.4985754985755
76.35327635327636
76.92307692307692
76.35327635327636
76.06837606837607
76.92307692307692
77.20797720797721
77.20797720797721
78.06267806267806
78.06267806267806
77.77777777777777
78.34757834757836
78.34757834757836
78.34757834757836
78.06267806267807
77.77777777777779
78.34757834757835
78.34757834757835
78.63247863247864
78.34757834757835
78.63247863247862
78.63247863247862
79.48717948717947
79.2022792022792
79.77207977207976
79.77207977207976
79.77207977207976
80.05698005698005
80.34188034188034
80.34188034188034
80.34188034188034
80.05698005698005
80.05698005698005
80.05698005698005
80.34188034188034
79.77207977207976
79.48717948717947
79.2022792022792
79.4871794871795
79.4871794871795
78.91737891737893
79.20227920227921
78.91737891737893
79.20227920227921
79.77207977207978
80.05698005698007
80.05698005698007
80.05698005698007
80.62678062678063
81.1965811965812
81.76638176638177
82.33618233618235
82.05128205128206
82.33618233618235
82.33618233618235
82.90598290598291
82.90598290598291
83.1908831908832
83.4757834757835
83.76068376068378
84.04558404558408
84.04558404558408
84.33048433048437
84.04558404558408
84.04558404558408
84.90028490028493
85.18518518518522
85.47008547008551
86.03988603988607
86.89458689458692
86.89458689458692
87.17948717948721
88.03418803418806
88.88888888888891
89.1737891737892
89.1737891737892
9.686609686609687
10.256410256410255
16.524216524216524
21.937321937321936
29.629629629629626
37.32193732193732
45.29914529914531
49.28774928774929
54.13105413105414
54.7008547008547
56.12535612535612
56.6951566951567
58.97435897435897
61.25356125356125
62.67806267806267
64.1025641025641
66.38176638176638
68.37606837606839
70.94017094017094
71.7948717948718
72.36467236467237
72.64957264957263
73.5042735042735
74.07407407407408
74.07407407407408
74.35897435897435
74.64387464387465
74.07407407407408
74.64387464387464
75.78347578347578
75.78347578347578
76.35327635327636
75.78347578347578
76.35327635327636
76.63817663817665
76.92307692307692
77.77777777777777
77.4928774928775
77.4928774928775
78.06267806267806
78.63247863247862
79.77207977207976
80.05698005698005
79.77207977207976
79.77207977207976
80.05698005698005
80.05698005698005
80.34188034188034
80.62678062678062
81.19658119658119
82.05128205128204
82.62108262108262
82.62108262108262
83.1908831908832
83.1908831908832
83.1908831908832
83.47578347578347
84.04558404558406
84.04558404558406
84.04558404558406
84.33048433048435
85.1851851851852
85.47008547008548
85.75498575498577
86.32478632478636
86.32478632478636
87.4643874643875
87.74928774928777
88.60398860398863
88.31908831908835
88.88888888888891
88.60398860398863
89.1737891737892
89.74358974358977
90.31339031339033
90.31339031339033
90.31339031339033
90.02849002849005
89.74358974358977
89.74358974358977
89.45868945868948
89.1737891737892
89.45868945868948
89.45868945868948
89.45868945868948
89.45868945868948
89.1737891737892
89.45868945868948
89.45868945868948
89.74358974358977
89.74358974358977
90.02849002849005
90.31339031339033
89.74358974358977
90.02849002849005
89.74358974358977
89.74358974358977
89.74358974358977
89.74358974358977
89.74358974358977
