10.740740609169006
17.40740704536438
22.592592334747316
33.7037034034729
37.777777099609374
40.74074077606201
45.55555610656738
52.22222213745117
57.777777099609374
61.111111068725585
62.96296310424805
64.8148151397705
69.25925941467285
70.37037086486816
71.851851272583
73.70370254516601
75.18518447875977
75.92592430114746
76.66666526794434
78.14814720153808
79.62962913513184
81.11111106872559
82.2222225189209
82.96296348571778
84.07407417297364
84.07407493591309
85.18518524169922
85.92592544555664
86.29629592895508
87.03703689575195
86.66666641235352
88.14814758300781
88.51851806640624
89.25925903320312
89.62962951660157
90.37036972045898
90.37036972045898
90.37036972045898
91.85185089111329
93.70370254516601
94.44444351196289
94.81481399536133
95.55555419921875
95.55555419921875
95.9259246826172
95.9259246826172
95.9259246826172
95.9259246826172
96.29629516601562
96.29629516601562
97.0370361328125
97.0370361328125
96.66666564941406
96.66666564941406
96.66666564941406
96.66666564941406
97.0370361328125
97.0370361328125
97.0370361328125
97.0370361328125
97.0370361328125
97.40740661621093
97.0370361328125
97.0370361328125
97.77777709960938
97.77777709960938
98.14814758300781
97.77777709960938
98.51851806640624
98.88888854980469
98.88888854980469
98.88888854980469
98.88888854980469
98.88888854980469
99.25925903320312
98.88888854980469
99.25925903320312
99.25925903320312
99.25925903320312
99.62962951660157
99.62962951660157
99.62962951660157
99.62962951660157
99.62962951660157
100.0
100.0
100.0
100.0
100.0
100.0
100.0
100.0
100.0
100.0
100.0
100.0
100.0
100.0
100.0
100.0
